Date: 2026-05-27, Time: 16:36:02.873396800
Date: 2026-05-27, Time: 16:39:25.236251400, Name: zo
